# SN  M_B  e(M_B)  vsi  e(vsi)  pew(5972)  e(pew(5972))  pew(6355)  e(pew(6355))
SN2008hu  -19.043  0.110  12.355  0.285  15.860  4.675  126.993  9.450
ASAS15bm  -19.566  0.135  10.615  0.234  9.740  2.585  72.255  4.864
SN2005M  -19.614  0.113  9.186  0.426  7.416  3.716  47.462  4.470
SN2008fr  -19.351  0.119  10.073  0.422  19.343  3.565  93.275  6.319
SN2007ba  -18.661  0.096  10.778  0.247  49.068  2.791  94.939  2.995
PTF14w  -18.803  0.133  12.217  0.334  36.998  2.330  123.984  3.431
SN2008hv  -19.124  0.167  10.798  0.359  21.291  2.094  96.728  3.255
SN2005hc  -19.465  0.102  10.309  0.561  12.645  13.467  101.497  16.467
CSP15aae  -17.923  0.154  11.489  0.364  56.793  2.807  151.522  3.666
SN2013gy  -19.392  0.176  10.170  0.296  28.858  4.226  114.145  4.339
SN2009ab  -19.036  0.234  10.662  0.210  28.316  4.134  105.187  5.411
LSQ12gdj  -19.784  0.102  10.732  0.461  8.683  1.850  35.983  2.235
ASAS15al  -19.206  0.160  11.653  0.112  19.670  4.226  81.740  5.543
SN2005bg  -19.469  0.157  10.554  0.316  7.342  3.083  105.476  9.902
SN2007bm  -19.588  0.304  10.623  0.163  24.707  1.534  101.793  2.700
SN2014dn  -17.678  0.132  10.407  0.637  70.937  6.174  140.091  4.710
PTF13duj  -19.350  0.173  14.203  0.188  7.117  1.675  100.395  3.350
SN2012gm  -19.464  0.167  10.388  0.266  24.051  3.954  101.470  7.462
SN2009ag  -19.261  0.308  10.300  0.211  21.390  4.541  107.769  5.351
SN2004ey  -19.276  0.168  11.032  0.349  13.792  4.791  99.968  8.745
ASAS15fr  -19.213  0.090  11.668  0.234  20.664  3.692  107.417  6.088
ASAS15ga  -17.949  0.402  9.419  0.162  52.360  5.108  126.087  5.025
SN2008R  -18.481  0.178  10.695  0.243  49.440  1.289  126.735  1.852
SN2013fy  -19.672  0.124  10.783  0.283  14.379  1.417  93.378  3.111
SN2008gg  -19.474  0.145  12.714  0.376  10.012  3.312  149.839  6.654
SN2008fp  -19.920  0.388  11.039  0.130  12.366  3.872  73.929  4.710
PS1-14ra  -19.112  0.101  11.176  0.279  34.180  3.856  123.987  6.310
SN2007as  -19.238  0.158  12.607  0.384  18.015  2.717  138.251  4.695
SN2008C  -19.380  0.215  10.629  0.427  15.495  5.696  65.051  9.153
LSQ12fxd  -19.783  0.104  10.860  0.269  17.898  1.911  81.027  3.354
SN2009aa  -19.399  0.102  10.866  0.380  20.069  2.929  63.152  2.620
SN2008gl  -19.122  0.092  11.947  0.358  20.638  2.388  114.982  3.304
SN2006D  -19.257  0.236  11.235  0.194  26.406  0.869  100.381  1.054
SN2007S  -19.848  0.162  10.143  0.230  9.223  3.227  58.664  5.394
SN2008cf  -19.560  0.104  10.209  0.279  7.853  2.484  55.608  5.005
SN2012bl  -19.338  0.137  14.717  0.303  2.268  1.152  90.465  2.384
ASAS14mf  -19.454  0.153  9.876  0.329  23.780  2.005  103.822  3.760
LSQ15agh  -19.539  0.085  9.928  0.551  3.504  2.629  55.319  4.978
SN2009le  -19.178  0.156  12.504  0.224  8.169  1.543  79.157  2.631
SN2007ol  -18.872  0.056  11.086  0.350  16.212  4.111  77.205  8.166
SN2007le  -19.069  0.398  11.909  0.252  12.711  1.563  113.940  3.497
SN2012hr  -19.194  0.293  12.630  0.323  15.309  1.312  134.716  2.136
SN2009ds  -19.654  0.129  12.623  0.140  14.795  2.263  71.782  3.790
SN2013E  -19.900  0.252  12.631  0.326  3.824  1.524  65.213  2.958
ASAS14my  -19.472  0.122  11.953  0.315  26.060  3.877  106.921  4.336
ASAS15hf  -19.073  0.384  11.110  0.282  21.265  2.867  83.610  2.854
SN2009ad  -19.521  0.117  10.187  0.244  9.869  3.779  67.447  3.603
SN2007ux  -18.477  0.098  11.074  0.234  54.347  7.073  124.090  9.567
SN2008bq  -19.742  0.164  10.561  0.179  12.441  3.394  92.005  4.550
LSQ13ry  -19.152  0.091  12.588  0.163  20.428  1.161  82.308  1.514
SN2008bc  -19.449  0.162  11.661  0.190  12.600  3.296  104.978  6.503
LSQ15aja  -19.566  0.081  10.213  0.305  1.705  3.227  78.073  8.081
SN2007bd  -19.281  0.098  12.651  0.250  12.332  1.987  116.362  4.443
SN2006br  -19.515  0.271  13.940  0.373  8.510  3.965  111.762  8.516
SN2007bc  -19.318  0.119  10.605  0.251  29.926  1.779  100.038  2.378
SN2008O  -18.686  0.120  14.401  0.685  47.646  3.448  176.329  4.725
SN2007af  -19.121  0.352  11.238  0.164  18.670  5.248  104.203  5.779
SN2011jh  -19.315  0.289  12.752  0.205  35.033  2.784  126.078  3.890
SN2007on  -19.050  0.351  11.167  0.144  41.348  3.882  117.357  4.230
PS1-14xw  -19.719  0.134  11.738  0.239  10.936  2.087  77.802  2.711
SN2006hb  -18.832  0.181  10.548  0.255  41.403  3.644  121.217  5.154
SN2008gp  -19.418  0.104  10.964  0.303  15.441  2.999  43.711  3.071
ASAS14hr  -19.095  0.116  13.609  0.326  30.467  4.152  103.060  5.296
SN2005el  -19.138  0.151  10.912  0.338  19.464  3.208  93.942  4.242
PTF13ebh  -18.765  0.186  10.819  0.212  48.343  2.292  125.012  2.698
PTF11pra  -17.313  0.240  10.756  0.361  55.473  3.390  126.084  3.980
SN2007ca  -19.561  0.180  11.034  0.306  10.506  1.999  89.877  2.438
SN2008ia  -19.305  0.162  11.389  0.377  19.986  2.397  105.872  4.238
SN2012ht  -19.063  0.614  10.881  0.214  27.540  1.862  115.182  2.694
SN2008bf  -19.430  0.104  11.293  0.218  10.718  2.435  79.006  4.779
SN2008fl  -19.378  0.183  10.718  0.241  38.325  4.902  112.274  4.552
SN2008fw  -19.457  0.265  10.054  0.211  13.004  3.852  61.204  5.742
ASAS14hu  -19.520  0.118  12.470  0.244  7.386  1.202  86.699  2.830
ASAS15dd  -19.634  0.152  10.817  0.315  20.981  1.625  102.092  2.663
SN2005eq  -19.595  0.118  9.800  0.179  16.755  4.754  77.339  7.078
SN2008go  -19.325  0.099  13.092  0.370  8.070  2.309  153.972  4.892
ASAS15be  -19.372  0.120  11.818  0.353  3.804  1.806  94.251  3.841
SN2009D  -19.647  0.124  9.714  0.277  4.300  5.303  77.539  6.547
SN2009cz  -19.590  0.131  10.099  0.313  11.935  3.199  75.599  4.188
SN2012aq  -19.533  0.147  11.203  0.368  27.629  2.215  105.541  3.493
CSP14acl  -18.907  0.076  10.060  0.265  16.158  3.153  116.022  5.354
ASAS15ba  -19.309  0.115  11.422  0.180  16.175  1.704  117.295  3.270
LSQ11bk  -19.330  0.062  12.574  0.311  5.563  1.548  98.171  3.476
LSQ12hzj  -19.113  0.100  9.756  0.255  13.523  2.220  59.114  3.694
SN2006ax  -19.468  0.133  10.597  0.256  9.635  2.006  92.507  2.918
SN2012ij  -18.125  0.213  10.848  0.299  53.339  3.978  121.542  4.725
CSP15B  -19.150  0.192  13.950  0.430  31.468  4.516  175.379  5.552
SN2012fr  -19.465  0.401  12.065  0.212  6.513  1.660  70.463  3.086
SN2006hx  -19.636  0.132  10.518  0.480  12.627  5.889  42.635  5.571
SN2011iv  -19.671  0.336  10.938  0.163  40.821  2.205  88.601  2.038
SN2004gs  -18.857  0.114  11.224  0.138  41.696  6.320  136.727  8.028
SN2012hl  -18.856  0.271  12.947  0.227  13.283  3.422  141.985  7.291
SN2009Y  -19.620  0.235  14.392  0.158  8.585  1.978  155.619  4.696
SN2008hj  -19.301  0.086  12.967  0.460  15.973  2.131  103.313  3.483
LSQ13aiz  -19.670  0.328  14.207  0.236  17.368  2.686  133.575  3.719
SN2014I  -19.480  0.097  11.281  0.238  23.537  3.663  98.651  4.672
ASAS14kq  -19.443  0.113  10.496  0.299  10.668  1.533  82.513  3.476
SN1998dh  -19.340  0.220  12.401  0.213  26.065  2.173  124.573  2.016
SN1998dm  -18.680  0.280  10.950  0.216  11.182  1.880  73.219  2.222
SN1999cp  -19.360  0.180  10.567  0.179  22.737  1.441  104.630  2.434
SN1999dq  -19.820  0.150  11.135  0.090  9.269  1.620  44.756  2.260
SN1999gp  -19.610  0.090  11.145  0.415  8.234  2.228  53.786  2.990
SN2000cx  -19.310  0.240  11.812  0.279  5.913  2.207  40.336  3.757
SN2000dn  -19.150  0.070  9.668  0.323  13.336  3.229  102.394  3.560
SN2000dr  -18.520  0.110  10.265  0.292  84.564  3.186  131.366  3.250
SN2000fa  -19.540  0.100  11.932  0.262  10.682  2.301  83.445  4.754
SN2001en  -18.860  0.150  12.579  0.283  9.408  1.458  135.034  3.053
SN2001ep  -19.240  0.150  10.688  0.182  31.936  2.117  111.738  2.117
SN2002bo  -19.310  0.290  13.373  0.189  10.546  5.097  150.403  9.252
SN2002cr  -19.340  0.180  10.138  0.102  19.319  1.752  104.602  2.027
SN2002dj  -19.260  0.210  14.037  0.321  6.294  1.304  150.956  2.311
SN2002dl  -18.280  0.120  12.496  0.450  40.207  4.492  90.086  4.936
SN2002eb  -19.600  0.080  10.093  0.218  9.852  2.138  64.955  4.073
SN2002er  -19.340  0.210  12.027  0.048  24.207  0.921  115.158  1.159
SN2002fk  -19.400  0.240  9.850  0.282  18.600  1.676  80.686  2.215
SN2002ha  -19.160  0.140  11.281  0.291  30.616  2.649  111.271  2.767
SN2002he  -19.010  0.090  12.646  0.161  20.189  1.126  118.258  1.512
SN2003cg  -19.490  0.320  11.058  0.300  23.991  2.497  96.098  3.083
SN2003gn  -18.810  0.110  13.232  0.878  40.839  9.282  146.766  10.340
SN2003gt  -19.470  0.130  11.318  0.390  33.639  3.577  76.820  4.107
SN2003W  -19.440  0.100  15.201  0.461  6.421  1.670  108.196  3.521
SN2003Y  -17.480  0.140  11.275  0.426  71.824  8.162  104.123  5.901
SN2004at  -19.460  0.090  10.675  0.163  10.479  1.919  92.633  2.252
SN2004dt  -19.830  0.100  15.973  0.040  21.470  1.881  166.965  3.030
SN2005cf  -19.410  0.250  10.284  0.261  17.030  1.120  89.692  1.249
SN2005de  -19.060  0.130  10.668  0.326  30.219  3.180  102.881  3.531
SN2006cp  -19.270  0.110  14.883  0.525  15.276  2.355  158.973  2.954
SN2006gr  -19.410  0.090  11.344  0.449  3.284  2.451  65.027  4.160
SN2006le  -19.850  0.110  11.438  0.181  12.954  2.444  93.293  5.213
SN2008ec  -19.210  0.130  10.832  0.674  36.686  2.785  119.333  3.096
SN2001V  -19.700  0.130  11.423  0.119  13.213  2.125  56.955  1.901
SN2006lf  -19.390  0.160  11.729  0.112  25.732  2.967  100.441  4.450
SN2007ci  -18.580  0.110  12.299  0.432  50.032  2.571  126.438  2.764
